1 10 20
100 200 125
201 210 89
900 1000 174
1 999999 525
10 20 21
20 30 112
30 40 107
40 50 110
50 60 113
60 70 108
70 80 116
80 90 111
90 100 119
1 100 119
10 100 119
20 100 119
30 100 119
40 100 119
50 100 119
60 100 119
70 100 119
80 100 119
90 100 119
10 1 20
200 100 125
210 201 89
1000 900 174
999999 1 525
20 10 21
30 20 112
40 30 107
50 40 110
60 50 113
70 60 108
80 70 116
90 80 111
100 90 119
100 1 119
100 10 119
100 20 119
100 30 119
100 40 119
100 50 119
100 60 119
100 70 119
100 80 119
100 90 119
1 1 1
2 2 2
999999 999999 259
100000 100010 310
1000 2000 182
2000 3000 217
3000 4000 238
4000 5000 215
5000 6000 236
6000 7000 262
7000 8000 252
8000 9000 247
9000 10000 260
100000 200000 383
200000 300000 443
300000 400000 441
400000 500000 449
500000 600000 470
600000 700000 509
700000 800000 504
800000 900000 525
24 95 116
48 143 122
72 191 125
96 239 128
120 287 128
144 335 144
312 671 145
336 719 171
360 767 171
384 815 171
408 863 171
432 911 179
456 959 179
480 1007 179
504 1055 179
528 1103 179
552 1151 179
576 1199 182
600 1247 182
624 1295 182
648 1343 182
672 1391 182
89384 30887 351
92778 36916 351
47794 38336 314
85387 60493 351
16650 41422 324
2363 90028 351
68691 20060 340
97764 13927 351
80541 83427 320
89173 55737 351
5212 95369 351
2568 56430 340
65783 21531 340
22863 65124 340
74068 3136 340
13930 79803 351
34023 23059 308
33070 98168 351
61394 18457 340
75012 78043 351
76230 77374 351
84422 44920 351
13785 98538 351
75199 94325 351
98316 64371 351
66414 3527 340
76092 68981 325
59957 41874 340
6863 99171 351
6997 97282 351
